,Ips_typographus,Ips_pini,Pityogenes_chalcographus,Pityogenes_hopkinsi,Eccoptopterus_spinosus,Webbia_pabo,Cryphalus_mangiferae,Hylocurus_langstoni,Hylesinus_varius,Hylesinus_crenatus,Hylesinus_aculeatus,Hylurgus_ligniperda,Hylurgus_micklitzi,Hylurgops_palliatus,Hylastes_porculus,Hylastes_cunicularius,Hylastes_ater,Hylastes_gracilis,Carphoborus_bifurcus,Crypturgus_hispidulus,Monarthrum_fasciatum,Monarthrum_mali,Gnathotrichus_materiarius,Pityophthorus_juglandis,Pityophthorus_pityographus,Ernoporus_tiliae,Eidophelus_fagi,Platypus_cylindrus,Platypus_koryoensis,Euplatypus_compositus,Myoplatypus_flavicornis,Pagiocerus_frontalis,Pycnarthrum_hispidum,Trypodendron_domesticum,Xyloterinus_politus,Procryphalus_mucronatus,Hypothenemus_hampei,Hypothenemus_seriatus,Hypothenemus_obscurus,Hypothenemus_birmanus,Hypothenemus_eruditus,Scolytus_schevyrewi,Scolytus_ratzeburgi,Scolytus_rugulosus,Scolytus_multistriatus,Scolytus_intricatus,Scolytus_carpini,Scolytus_dimidiatus,Polygraphus_poligraphus,Dendroterus_defectus,Tomicus_brevipilosus,Xylocleptes_bispinus,Taphrorychus_bicolor,Beaverium_insulindicus,Anisandrus_dispar,Anisandrus_sayi,Anisandrus_obesus,Anisandrus_maiche,Xylosandrus_crassiusculus,Xylosandrus_morigerus,Xylosandrus_amputatus,Diuncus_justus,Diuncus_papatrae,Diuncus_haberkorni,Euwallacea_similis,Euwallacea_fornicatus,Euwallacea_perbrevis,Euwallacea_kuroshio,Euwallacea_funereus,Euwallacea_wallacei,Euwallacea_destruens,Xyleborus_affinis,Xyleborus_ferrugineus,Xyleborus_perforans,Xyleborus_xylographus,Xyleborus_volvulus,Xyleborus_celsus,Xyleborus_monographus,Xyleborus_glabratus,Xyleborus_impressus,Xyleborus_bispinatus,Xyleborus_spinulosus,Coptoborus_coartatus,Coptoborus_pseudotenuis,Wallacellus_piceus,Xyleborinus_andrewesi,Xyleborinus_attenuatus,Xyleborinus_gracilis,Xyleborinus_artestriatus,Xyleborinus_exiguus,Truncaudum_agnatum,Truncaudum_impexum,Dendroctonus_rufipennis,Dendroctonus_frontalis,Dendroctonus_pseudotsugae,Leptoxyleborus_sordicauda,Hadrodemius_globus,Microperus_alpha,Microperus_popondettae,Coccotrypes_dactyliperda,Cnestus_mutilatus,Cnestus_bimaculatus,Pseudowebbia_trepanicauda,Ambrosiophilus_atratus,Ambrosiodmus_minor,Ambrosiodmus_lewisi,Ambrosiodmus_obliquus,Ambrosiodmus_tachygraphus,Ambrosiodmus_rubricollis,Ambrosiodmus_asperatus,Cyclorhipidion_pelliculosum,Cyclorhipidion_bodoanum,Dryocoetes_autographus,Dryocoetes_confusus,Debus_pumilus,Debus_emarginatus,Orthotomicus_erosus,Premnobius_cavipennis,Ips_sexdentatus,Ips_acuminatus,Ips_duplicatus,Ips_grandicollis
Ips_typographus,0.0,0.54033,0.65791,0.6551100000000001,0.7818499999999999,0.9243699999999999,1.11918,0.98773,0.9467099999999999,0.9591699999999999,1.01589,0.76352,1.10514,1.17532,1.2188899999999998,1.25253,1.12031,1.2621,1.03734,0.92638,1.12712,1.12262,1.28985,1.02774,0.9971300000000001,0.94519,1.16786,1.5879599999999998,1.5879599999999998,1.5285,1.51385,1.34345,1.26348,1.21831,1.67895,1.09518,0.9812099999999999,1.00966,1.04216,1.18675,1.1285,1.38747,1.37058,1.14092,1.1722,1.8381699999999999,1.2256999999999998,1.2958399999999999,0.9262999999999999,1.17361,1.17361,0.86696,0.7481199999999999,0.7481199999999999,0.70166,0.74274,0.8072600000000001,0.8646099999999999,0.95794,0.77922,0.83954,0.91727,0.8009900000000001,0.9171,0.79758,0.8998899999999999,1.06584,0.9296499999999999,0.9048799999999999,0.8634299999999999,0.89472,0.9542899999999999,0.9651399999999999,1.01884,0.9019999999999999,0.93692,1.0478,1.0160099999999999,1.0993499999999998,0.96777,1.3766999999999998,0.8896899999999999,0.8180700000000001,0.87375,0.9442599999999999,0.8549199999999999,0.89324,0.95519,0.92673,0.9512,0.95574,0.92425,8.18651,8.18651,8.18651,0.9428000000000001,1.00855,1.01809,0.9317599999999999,0.82104,0.87374,1.0342799999999999,0.8895500000000001,0.91178,0.8730899999999999,0.8464499999999999,0.95242,0.84188,0.90608,0.88225,0.77088,0.7987899999999999,0.8859299999999999,0.88202,0.9612799999999999,0.86053,0.65784,0.6594500000000001,0.9005099999999999,0.84484,0.45508,0.45508
Ips_pini,0.54033,0.0,0.9212800000000001,0.91848,1.04522,1.18774,1.38255,1.2510999999999999,1.21008,1.22254,1.27926,1.02689,1.3685100000000001,1.43869,1.48226,1.5159,1.38368,1.52547,1.30071,1.18975,1.39049,1.38599,1.55322,1.29111,1.2605000000000002,1.20856,1.43123,1.85133,1.85133,1.79187,1.77722,1.6068200000000001,1.52685,1.48168,1.94232,1.3585500000000001,1.24458,1.27303,1.30553,1.45012,1.39187,1.65084,1.63395,1.40429,1.43557,2.10154,1.48907,1.55921,1.18967,1.4369800000000001,1.4369800000000001,1.13033,1.01149,1.01149,0.96503,1.00611,1.07063,1.12798,1.22131,1.04259,1.10291,1.1806400000000001,1.06436,1.1804700000000001,1.06095,1.16326,1.32921,1.19302,1.16825,1.1268,1.15809,1.21766,1.22851,1.2822099999999998,1.16537,1.20029,1.31117,1.27938,1.36272,1.23114,1.64007,1.15306,1.08144,1.13712,1.20763,1.11829,1.1566100000000001,1.21856,1.1901,1.21457,1.21911,1.18762,8.44988,8.44988,8.44988,1.20617,1.27192,1.28146,1.19513,1.0844099999999999,1.13711,1.29765,1.15292,1.17515,1.13646,1.10982,1.21579,1.10525,1.16945,1.14562,1.03425,1.06216,1.1493,1.14539,1.22465,1.1239000000000001,0.9212100000000001,0.92282,1.16388,1.10821,0.71845,0.71845
Pityogenes_chalcographus,0.65791,0.9212800000000001,0.0,0.08644,0.8243400000000001,0.96686,1.16167,1.03022,0.9892000000000001,1.00166,1.05838,0.80601,1.14763,1.21781,1.26138,1.29502,1.1628,1.3045900000000001,1.07983,0.9688700000000001,1.16961,1.16511,1.33234,1.07023,1.03962,0.9876800000000001,1.21035,1.63045,1.63045,1.57099,1.55634,1.3859400000000002,1.30597,1.2608,1.7214399999999999,1.13767,1.0237,1.0521500000000001,1.0846500000000001,1.22924,1.17099,1.42996,1.41307,1.18341,1.21469,1.88066,1.26819,1.33833,0.96879,1.2161,1.2161,0.9094500000000001,0.79061,0.79061,0.7441500000000001,0.7852300000000001,0.84975,0.9071,1.00043,0.8217099999999999,0.8820300000000001,0.95976,0.84348,0.9595899999999999,0.8400700000000001,0.94238,1.10833,0.97214,0.94737,0.9059200000000001,0.9372100000000001,0.99678,1.00763,1.0613299999999999,0.94449,0.9794100000000001,1.09029,1.0585,1.14184,1.01026,1.41919,0.93218,0.86056,0.9162399999999999,0.98675,0.89741,0.9357300000000002,0.9976800000000001,0.96922,0.99369,0.99823,0.9667399999999999,8.229,8.229,8.229,0.98529,1.05104,1.06058,0.9742500000000001,0.8635299999999999,0.9162300000000001,1.07677,0.93204,0.95427,0.9155800000000001,0.8889400000000001,0.99491,0.8843700000000001,0.9485700000000001,0.9247400000000001,0.8133699999999999,0.84128,0.92842,0.9245099999999999,1.00377,0.9030200000000002,0.90743,0.9090400000000001,1.28146,1.22579,0.83603,0.83603
Pityogenes_hopkinsi,0.6551100000000001,0.91848,0.08644,0.0,0.82154,0.96406,1.15887,1.02742,0.9864,0.9988600000000001,1.05558,0.80321,1.14483,1.21501,1.25858,1.29222,1.1600000000000001,1.30179,1.0770300000000002,0.9660700000000001,1.16681,1.1623100000000002,1.3295400000000002,1.0674299999999999,1.03682,0.9848800000000001,1.20755,1.62765,1.62765,1.56819,1.55354,1.38314,1.3031700000000002,1.258,1.7186399999999997,1.13487,1.0209000000000001,1.04935,1.0818500000000002,1.2264400000000002,1.16819,1.4271599999999998,1.4102700000000001,1.1806100000000002,1.21189,1.87786,1.26539,1.3355299999999999,0.96599,1.2133,1.2133,0.9066500000000001,0.7878100000000001,0.7878100000000001,0.7413500000000001,0.7824300000000001,0.8469500000000001,0.9043,0.99763,0.81891,0.8792300000000001,0.95696,0.8406800000000001,0.95679,0.8372700000000001,0.93958,1.10553,0.96934,0.94457,0.90312,0.9344100000000001,0.99398,1.0048300000000001,1.05853,0.94169,0.9766100000000001,1.08749,1.0556999999999999,1.13904,1.00746,1.4163899999999998,0.92938,0.8577600000000001,0.91344,0.98395,0.89461,0.9329300000000001,0.9948800000000001,0.9664200000000001,0.99089,0.99543,0.96394,8.2262,8.2262,8.2262,0.9824900000000001,1.04824,1.0577800000000002,0.97145,0.86073,0.9134300000000001,1.07397,0.9292400000000001,0.95147,0.91278,0.88614,0.99211,0.8815700000000001,0.9457700000000001,0.9219400000000001,0.81057,0.83848,0.92562,0.92171,1.0009700000000001,0.9002200000000001,0.90463,0.90624,1.27866,1.22299,0.83323,0.83323
Eccoptopterus_spinosus,0.7818499999999999,1.04522,0.8243400000000001,0.82154,0.0,1.0908,1.2856100000000001,1.15416,1.11314,1.1256,1.18232,0.92995,1.27157,1.34175,1.38532,1.41896,1.28674,1.42853,1.20377,1.09281,1.29355,1.28905,1.45628,1.19417,1.16356,1.11162,1.33429,1.75439,1.75439,1.69493,1.68028,1.50988,1.42991,1.3847399999999999,1.8453799999999998,1.2616100000000001,1.14764,1.17609,1.20859,1.35318,1.29493,1.5538999999999998,1.53701,1.30735,1.33863,2.0046,1.3921299999999999,1.46227,1.09273,1.3400400000000001,1.3400400000000001,1.03339,0.91455,0.91455,0.86809,0.90917,0.97369,1.03104,1.1243699999999999,0.94565,1.00597,1.0836999999999999,0.96742,1.08353,0.96401,1.06632,1.23227,1.09608,1.07131,1.02986,1.06115,1.12072,1.13157,1.18527,1.06843,1.10335,1.2142300000000001,1.18244,1.26578,1.1341999999999999,1.54313,1.05612,0.9845,1.0401799999999999,1.11069,1.02135,1.0596700000000001,1.12162,1.0931600000000001,1.1176300000000001,1.1221700000000001,1.0906799999999999,8.35294,8.35294,8.35294,1.1092300000000002,1.1749800000000001,1.18452,1.09819,0.98747,1.04017,1.20071,1.05598,1.07821,1.03952,1.01288,1.1188500000000001,1.00831,1.07251,1.04868,0.93731,0.96522,1.05236,1.0484499999999999,1.12771,1.02696,1.0313700000000001,1.03298,1.4054,1.34973,0.95997,0.95997
Webbia_pabo,0.9243699999999999,1.18774,0.96686,0.96406,1.0908,0.0,1.42813,1.2966799999999998,1.25566,1.2681200000000001,1.32484,1.07247,1.4140899999999998,1.48427,1.5278399999999999,1.56148,1.42926,1.57105,1.34629,1.23533,1.43607,1.43157,1.5988,1.33669,1.3060800000000001,1.25414,1.47681,1.8969099999999999,1.8969099999999999,1.83745,1.8228,1.6524,1.57243,1.52726,1.9878999999999998,1.4041299999999999,1.29016,1.31861,1.35111,1.4957,1.4374500000000001,1.6964199999999998,1.67953,1.44987,1.48115,2.14712,1.53465,1.60479,1.23525,1.4825599999999999,1.4825599999999999,1.17591,1.05707,1.05707,1.01061,1.05169,1.1162100000000001,1.17356,1.26689,1.0881699999999999,1.14849,1.22622,1.10994,1.2260499999999999,1.10653,1.20884,1.37479,1.2386,1.21383,1.17238,1.20367,1.26324,1.27409,1.3277899999999998,1.21095,1.24587,1.35675,1.32496,1.4082999999999999,1.27672,1.6856499999999999,1.19864,1.12702,1.1827,1.25321,1.16387,1.20219,1.26414,1.23568,1.2601499999999999,1.2646899999999999,1.2332,8.49546,8.49546,8.49546,1.25175,1.3175,1.32704,1.24071,1.1299899999999998,1.18269,1.34323,1.1985000000000001,1.22073,1.18204,1.1554,1.2613699999999999,1.15083,1.21503,1.1912,1.0798299999999998,1.10774,1.19488,1.19097,1.27023,1.16948,1.17389,1.1755,1.54792,1.4922499999999999,1.10249,1.10249
Cryphalus_mangiferae,1.11918,1.38255,1.16167,1.15887,1.2856100000000001,1.42813,0.0,1.49149,1.4504700000000001,1.46293,1.51965,1.26728,1.6089,1.67908,1.72265,1.75629,1.6240700000000001,1.76586,1.5411000000000001,1.4301400000000002,1.6308799999999999,1.6263800000000002,1.7936100000000001,1.5314999999999999,1.50089,1.44895,1.6716199999999999,2.09172,2.09172,2.03226,2.01761,1.84721,1.7672400000000001,1.72207,2.1827099999999997,1.59894,1.4849700000000001,1.51342,1.5459200000000002,1.6905100000000002,1.63226,1.8912299999999997,1.8743400000000001,1.6446800000000001,1.67596,2.34193,1.72946,1.7995999999999999,1.43006,1.67737,1.67737,1.37072,1.25188,1.25188,1.2054200000000002,1.2465000000000002,1.31102,1.36837,1.4617,1.28298,1.3433000000000002,1.42103,1.30475,1.42086,1.3013400000000002,1.4036499999999998,1.5695999999999999,1.4334099999999999,1.4086400000000001,1.36719,1.3984800000000002,1.45805,1.4689,1.5226,1.40576,1.44068,1.55156,1.5197699999999998,1.60311,1.47153,1.8804599999999998,1.39345,1.32183,1.37751,1.44802,1.35868,1.3970000000000002,1.4589500000000002,1.43049,1.45496,1.4595,1.42801,8.69027,8.69027,8.69027,1.44656,1.51231,1.5218500000000001,1.43552,1.3248,1.3775,1.53804,1.39331,1.41554,1.3768500000000001,1.3502100000000001,1.45618,1.34564,1.40984,1.3860100000000002,1.27464,1.30255,1.3896899999999999,1.38578,1.4650400000000001,1.36429,1.3687,1.3703100000000001,1.74273,1.68706,1.2973,1.2973
Hylocurus_langstoni,0.98773,1.2510999999999999,1.03022,1.02742,1.15416,1.2966799999999998,1.49149,0.0,1.31902,1.33148,1.3881999999999999,1.13583,1.47745,1.5476299999999998,1.5912,1.6248399999999998,1.49262,1.63441,1.40965,1.2986900000000001,1.4994299999999998,1.49493,1.66216,1.4000499999999998,1.36944,1.3175,1.5401699999999998,1.96027,1.96027,1.9008099999999999,1.8861599999999998,1.71576,1.63579,1.59062,2.0512599999999996,1.46749,1.35352,1.38197,1.4144700000000001,1.5590600000000001,1.50081,1.7597799999999997,1.74289,1.51323,1.5445099999999998,2.21048,1.59801,1.6681499999999998,1.29861,1.54592,1.54592,1.2392699999999999,1.12043,1.12043,1.07397,1.11505,1.17957,1.23692,1.33025,1.15153,1.21185,1.28958,1.1733,1.28941,1.16989,1.2721999999999998,1.4381499999999998,1.3019599999999998,1.27719,1.2357399999999998,1.26703,1.3266,1.33745,1.3911499999999999,1.2743099999999998,1.30923,1.42011,1.3883199999999998,1.47166,1.34008,1.7490099999999997,1.262,1.19038,1.24606,1.31657,1.22723,1.2655500000000002,1.3275000000000001,1.29904,1.32351,1.32805,1.29656,8.55882,8.55882,8.55882,1.31511,1.38086,1.3904,1.3040699999999998,1.19335,1.2460499999999999,1.40659,1.26186,1.28409,1.2454,1.21876,1.32473,1.2141899999999999,1.27839,1.2545600000000001,1.14319,1.1711,1.2582399999999998,1.25433,1.33359,1.23284,1.23725,1.23886,1.6112799999999998,1.55561,1.1658499999999998,1.1658499999999998
Hylesinus_varius,0.9467099999999999,1.21008,0.9892000000000001,0.9864,1.11314,1.25566,1.4504700000000001,1.31902,0.0,0.29742,0.521,1.09481,1.43643,1.50661,1.5501800000000001,1.58382,1.4516,1.59339,1.36863,1.25767,1.45841,1.45391,1.62114,1.35903,1.32842,1.27648,1.49915,1.91925,1.91925,1.85979,1.84514,1.6747400000000001,1.59477,1.5495999999999999,2.0102399999999996,1.4264700000000001,1.3125,1.34095,1.37345,1.51804,1.45979,1.7187599999999998,1.70187,1.47221,1.50349,2.16946,1.5569899999999999,1.62713,1.25759,1.5049000000000001,1.5049000000000001,1.19825,1.07941,1.07941,1.03295,1.07403,1.13855,1.1959,1.2892299999999999,1.11051,1.17083,1.24856,1.13228,1.24839,1.12887,1.23118,1.39713,1.26094,1.23617,1.19472,1.22601,1.28558,1.29643,1.35013,1.23329,1.26821,1.3790900000000001,1.3473,1.43064,1.2990599999999999,1.70799,1.22098,1.1493600000000002,1.20504,1.27555,1.18621,1.2245300000000001,1.28648,1.2580200000000001,1.2824900000000001,1.2870300000000001,1.2555399999999999,8.5178,8.5178,8.5178,1.2740900000000002,1.3398400000000001,1.34938,1.26305,1.15233,1.20503,1.36557,1.22084,1.24307,1.20438,1.17774,1.2837100000000001,1.17317,1.23737,1.21354,1.10217,1.13008,1.21722,1.2133099999999999,1.29257,1.19182,1.1962300000000001,1.19784,1.57026,1.51459,1.12483,1.12483
Hylesinus_crenatus,0.9591699999999999,1.22254,1.00166,0.9988600000000001,1.1256,1.2681200000000001,1.46293,1.33148,0.29742,0.0,0.53346,1.10727,1.44889,1.5190700000000001,1.56264,1.5962800000000001,1.46406,1.6058500000000002,1.38109,1.27013,1.4708700000000001,1.46637,1.6336,1.37149,1.34088,1.2889400000000002,1.5116100000000001,1.9317099999999998,1.9317099999999998,1.8722500000000002,1.8576000000000001,1.6872000000000003,1.60723,1.56206,2.0227,1.43893,1.32496,1.3534100000000002,1.38591,1.5305,1.47225,1.73122,1.71433,1.48467,1.5159500000000001,2.18192,1.56945,1.63959,1.27005,1.51736,1.51736,1.2107100000000002,1.0918700000000001,1.0918700000000001,1.04541,1.08649,1.15101,1.2083599999999999,1.30169,1.12297,1.18329,1.26102,1.14474,1.26085,1.14133,1.24364,1.4095900000000001,1.2734,1.24863,1.2071800000000001,1.23847,1.2980399999999999,1.3088899999999999,1.36259,1.2457500000000001,1.2806700000000002,1.39155,1.35976,1.4430999999999998,1.31152,1.72045,1.2334399999999999,1.16182,1.2175,1.2880099999999999,1.19867,1.23699,1.29894,1.27048,1.29495,1.29949,1.268,8.53026,8.53026,8.53026,1.28655,1.3523,1.36184,1.2755100000000001,1.16479,1.2174900000000002,1.3780299999999999,1.2333,1.25553,1.21684,1.1902,1.29617,1.1856300000000002,1.2498300000000002,1.226,1.11463,1.14254,1.22968,1.22577,1.30503,1.2042800000000002,1.20869,1.2103,1.58272,1.52705,1.13729,1.13729
Hylesinus_aculeatus,1.01589,1.27926,1.05838,1.05558,1.18232,1.32484,1.51965,1.3881999999999999,0.521,0.53346,0.0,1.16399,1.50561,1.57579,1.61936,1.653,1.52078,1.66257,1.43781,1.32685,1.52759,1.52309,1.69032,1.42821,1.3976000000000002,1.34566,1.56833,1.98843,1.98843,1.92897,1.91432,1.7439200000000001,1.66395,1.61878,2.07942,1.49565,1.38168,1.41013,1.44263,1.58722,1.5289700000000002,1.7879399999999999,1.77105,1.54139,1.57267,2.23864,1.6261700000000001,1.69631,1.32677,1.57408,1.57408,1.26743,1.14859,1.14859,1.10213,1.14321,1.2077300000000002,1.26508,1.3584100000000001,1.17969,1.24001,1.3177400000000001,1.20146,1.31757,1.19805,1.30036,1.46631,1.33012,1.30535,1.2639,1.29519,1.35476,1.36561,1.4193099999999998,1.30247,1.33739,1.44827,1.41648,1.49982,1.3682400000000001,1.77717,1.29016,1.21854,1.2742200000000001,1.34473,1.25539,1.2937100000000001,1.35566,1.3272,1.35167,1.35621,1.3247200000000001,8.58698,8.58698,8.58698,1.34327,1.40902,1.41856,1.33223,1.2215099999999999,1.27421,1.43475,1.2900200000000002,1.3122500000000001,1.27356,1.24692,1.35289,1.24235,1.30655,1.28272,1.17135,1.19926,1.2864,1.2824900000000001,1.36175,1.2610000000000001,1.2654100000000001,1.26702,1.63944,1.58377,1.19401,1.19401
Hylurgus_ligniperda,0.76352,1.02689,0.80601,0.80321,0.92995,1.07247,1.26728,1.13583,1.09481,1.10727,1.16399,0.0,0.34162,0.4118,0.45536999999999994,0.48900999999999994,0.35679,0.49858,1.18544,1.07448,1.27522,1.27072,1.43795,1.17584,1.14523,1.09329,1.31596,1.73606,1.73606,1.6766,1.66195,1.4915500000000002,1.41158,1.36641,1.8270499999999998,1.24328,1.12931,1.1577600000000001,1.19026,1.33485,1.2766,1.5355699999999999,1.51868,1.28902,1.3203,1.98627,1.3738,1.44394,1.0744,1.32171,1.32171,1.01506,0.89622,0.89622,0.8497600000000001,0.8908400000000001,0.95536,1.01271,1.10604,0.9273199999999999,0.9876400000000001,1.06537,0.94909,1.0652,0.9456800000000001,1.04799,1.21394,1.07775,1.05298,1.01153,1.04282,1.10239,1.11324,1.1669399999999999,1.0501,1.08502,1.1959,1.16411,1.24745,1.11587,1.5248,1.03779,0.96617,1.02185,1.09236,1.00302,1.0413400000000002,1.10329,1.07483,1.0993,1.10384,1.07235,8.33461,8.33461,8.33461,1.0909,1.15665,1.16619,1.07986,0.9691399999999999,1.02184,1.18238,1.03765,1.05988,1.02119,0.99455,1.10052,0.9899800000000001,1.0541800000000001,1.03035,0.9189799999999999,0.94689,1.03403,1.03012,1.10938,1.0086300000000001,1.01304,1.01465,1.38707,1.3314,0.94164,0.94164
Hylurgus_micklitzi,1.10514,1.3685100000000001,1.14763,1.14483,1.27157,1.4140899999999998,1.6089,1.47745,1.43643,1.44889,1.50561,0.34162,0.0,0.75342,0.7969899999999999,0.83063,0.69841,0.8402000000000001,1.52706,1.4161000000000001,1.6168399999999998,1.61234,1.77957,1.5174599999999998,1.48685,1.43491,1.6575799999999998,2.07768,2.07768,2.01822,2.00357,1.83317,1.7532,1.70803,2.1686699999999997,1.5849,1.47093,1.49938,1.5318800000000001,1.6764700000000001,1.61822,1.8771899999999997,1.8603,1.63064,1.6619199999999998,2.32789,1.71542,1.7855599999999998,1.41602,1.66333,1.66333,1.3566799999999999,1.23784,1.23784,1.19138,1.23246,1.29698,1.35433,1.44766,1.26894,1.32926,1.40699,1.29071,1.40682,1.2873,1.3896099999999998,1.5555599999999998,1.4193699999999998,1.3946,1.3531499999999999,1.3844400000000001,1.44401,1.45486,1.50856,1.3917199999999998,1.42664,1.53752,1.5057299999999998,1.58907,1.45749,1.8664199999999997,1.37941,1.30779,1.36347,1.43398,1.34464,1.3829600000000002,1.4449100000000001,1.41645,1.44092,1.44546,1.41397,8.67623,8.67623,8.67623,1.43252,1.49827,1.50781,1.4214799999999999,1.31076,1.36346,1.524,1.37927,1.4015,1.36281,1.33617,1.44214,1.3316,1.3958,1.3719700000000001,1.2606,1.28851,1.3756499999999998,1.37174,1.451,1.35025,1.35466,1.3562699999999999,1.72869,1.6730200000000002,1.28326,1.28326
Hylurgops_palliatus,1.17532,1.43869,1.21781,1.21501,1.34175,1.48427,1.67908,1.5476299999999998,1.50661,1.5190700000000001,1.57579,0.4118,0.75342,0.0,0.73683,0.77047,0.63825,0.7800400000000001,1.59724,1.48628,1.68702,1.68252,1.84975,1.58764,1.5570300000000001,1.50509,1.72776,2.1478599999999997,2.1478599999999997,2.0884,2.07375,1.90335,1.82338,1.77821,2.23885,1.6550799999999999,1.54111,1.56956,1.60206,1.74665,1.6884000000000001,1.9473699999999998,1.93048,1.70082,1.7321,2.3980699999999997,1.7856,1.85574,1.4862,1.7335099999999999,1.7335099999999999,1.42686,1.30802,1.30802,1.26156,1.30264,1.3671600000000002,1.42451,1.51784,1.3391199999999999,1.39944,1.47717,1.36089,1.4769999999999999,1.35748,1.45979,1.62574,1.48955,1.46478,1.42333,1.45462,1.51419,1.52504,1.5787399999999998,1.4619,1.49682,1.6077,1.57591,1.65925,1.52767,1.9365999999999999,1.44959,1.37797,1.43365,1.50416,1.41482,1.45314,1.51509,1.48663,1.5110999999999999,1.5156399999999999,1.48415,8.746410000000001,8.746410000000001,8.746410000000001,1.5027,1.56845,1.57799,1.49166,1.3809399999999998,1.43364,1.59418,1.4494500000000001,1.47168,1.43299,1.40635,1.5123199999999999,1.40178,1.46598,1.44215,1.3307799999999999,1.35869,1.44583,1.44192,1.52118,1.42043,1.42484,1.42645,1.79887,1.7431999999999999,1.35344,1.35344
Hylastes_porculus,1.2188899999999998,1.48226,1.26138,1.25858,1.38532,1.5278399999999999,1.72265,1.5912,1.5501800000000001,1.56264,1.61936,0.45536999999999994,0.7969899999999999,0.73683,0.0,0.38726,0.37772,0.5930500000000001,1.64081,1.5298500000000002,1.7305899999999999,1.7260900000000001,1.8933200000000001,1.6312099999999998,1.6006,1.54866,1.7713299999999998,2.19143,2.19143,2.13197,2.11732,1.94692,1.86695,1.82178,2.2824199999999997,1.69865,1.58468,1.61313,1.6456300000000001,1.7902200000000001,1.73197,1.9909399999999997,1.97405,1.74439,1.7756699999999999,2.44164,1.82917,1.8993099999999998,1.52977,1.77708,1.77708,1.47043,1.35159,1.35159,1.3051300000000001,1.3462100000000001,1.41073,1.46808,1.56141,1.38269,1.4430100000000001,1.52074,1.40446,1.52057,1.4010500000000001,1.5033599999999998,1.6693099999999998,1.5331199999999998,1.50835,1.4668999999999999,1.4981900000000001,1.55776,1.56861,1.62231,1.5054699999999999,1.54039,1.65127,1.6194799999999998,1.70282,1.57124,1.9801699999999998,1.49316,1.42154,1.47722,1.54773,1.45839,1.4967100000000002,1.5586600000000002,1.5302,1.55467,1.55921,1.52772,8.78998,8.78998,8.78998,1.54627,1.61202,1.6215600000000001,1.5352299999999999,1.42451,1.47721,1.63775,1.49302,1.51525,1.47656,1.44992,1.55589,1.44535,1.50955,1.4857200000000002,1.37435,1.40226,1.4893999999999998,1.48549,1.56475,1.464,1.46841,1.4700199999999999,1.8424399999999999,1.7867699999999997,1.3970099999999999,1.3970099999999999
Hylastes_cunicularius,1.25253,1.5159,1.29502,1.29222,1.41896,1.56148,1.75629,1.6248399999999998,1.58382,1.5962800000000001,1.653,0.48900999999999994,0.83063,0.77047,0.38726,0.0,0.41135999999999995,0.62669,1.67445,1.56349,1.76423,1.75973,1.92696,1.66485,1.6342400000000001,1.5823,1.80497,2.2250699999999997,2.2250699999999997,2.16561,2.15096,1.98056,1.90059,1.85542,2.31606,1.7322899999999999,1.61832,1.64677,1.67927,1.82386,1.7656100000000001,2.02458,2.00769,1.77803,1.80931,2.4752799999999997,1.86281,1.93295,1.56341,1.8107199999999999,1.8107199999999999,1.50407,1.38523,1.38523,1.33877,1.37985,1.4443700000000002,1.50172,1.59505,1.4163299999999999,1.47665,1.55438,1.4381,1.5542099999999999,1.43469,1.537,1.70295,1.56676,1.54199,1.50054,1.53183,1.5914,1.60225,1.6559499999999998,1.53911,1.57403,1.68491,1.65312,1.73646,1.60488,2.01381,1.5268,1.45518,1.51086,1.58137,1.49203,1.53035,1.5923,1.56384,1.5883099999999999,1.5928499999999999,1.56136,8.82362,8.82362,8.82362,1.57991,1.64566,1.6552,1.56887,1.4581499999999998,1.51085,1.67139,1.5266600000000001,1.54889,1.5102,1.48356,1.5895299999999999,1.47899,1.54319,1.51936,1.4079899999999999,1.4359,1.52304,1.51913,1.59839,1.49764,1.50205,1.50366,1.87608,1.8204099999999999,1.43065,1.43065
Hylastes_ater,1.12031,1.38368,1.1628,1.1600000000000001,1.28674,1.42926,1.6240700000000001,1.49262,1.4516,1.46406,1.52078,0.35679,0.69841,0.63825,0.37772,0.41135999999999995,0.0,0.49447,1.54223,1.43127,1.63201,1.62751,1.79474,1.53263,1.50202,1.45008,1.67275,2.09285,2.09285,2.03339,2.01874,1.84834,1.76837,1.7231999999999998,2.18384,1.60007,1.4861,1.51455,1.54705,1.69164,1.63339,1.8923599999999998,1.87547,1.64581,1.67709,2.34306,1.7305899999999999,1.80073,1.43119,1.6785,1.6785,1.37185,1.25301,1.25301,1.20655,1.24763,1.31215,1.3695,1.4628299999999999,1.28411,1.34443,1.4221599999999999,1.30588,1.42199,1.30247,1.40478,1.57073,1.43454,1.40977,1.36832,1.39961,1.45918,1.47003,1.52373,1.40689,1.44181,1.5526900000000001,1.5209,1.6042399999999999,1.4726599999999999,1.8815899999999999,1.39458,1.3229600000000001,1.3786399999999999,1.44915,1.35981,1.39813,1.46008,1.4316200000000001,1.45609,1.46063,1.4291399999999999,8.6914,8.6914,8.6914,1.4476900000000001,1.5134400000000001,1.52298,1.43665,1.32593,1.37863,1.53917,1.39444,1.4166699999999999,1.37798,1.35134,1.45731,1.34677,1.41097,1.38714,1.27577,1.30368,1.39082,1.3869099999999999,1.46617,1.36542,1.36983,1.37144,1.74386,1.68819,1.29843,1.29843
Hylastes_gracilis,1.2621,1.52547,1.3045900000000001,1.30179,1.42853,1.57105,1.76586,1.63441,1.59339,1.6058500000000002,1.66257,0.49858,0.8402000000000001,0.7800400000000001,0.5930500000000001,0.62669,0.49447,0.0,1.68402,1.5730600000000001,1.7738,1.7693,1.93653,1.67442,1.6438100000000002,1.5918700000000001,1.81454,2.2346399999999997,2.2346399999999997,2.17518,2.16053,1.9901300000000002,1.91016,1.8649900000000001,2.32563,1.74186,1.62789,1.6563400000000001,1.6888400000000001,1.8334300000000001,1.7751800000000002,2.03415,2.0172600000000003,1.7876,1.81888,2.48485,1.8723800000000002,1.94252,1.57298,1.82029,1.82029,1.51364,1.3948,1.3948,1.34834,1.38942,1.4539400000000002,1.51129,1.6046200000000002,1.4259,1.48622,1.5639500000000002,1.44767,1.56378,1.44426,1.54657,1.71252,1.57633,1.55156,1.51011,1.5414,1.60097,1.61182,1.66552,1.54868,1.5836000000000001,1.69448,1.66269,1.74603,1.6144500000000002,2.02338,1.53637,1.46475,1.5204300000000002,1.59094,1.5016,1.5399200000000002,1.6018700000000001,1.57341,1.59788,1.60242,1.5709300000000002,8.83319,8.83319,8.83319,1.58948,1.65523,1.66477,1.57844,1.46772,1.52042,1.68096,1.5362300000000002,1.5584600000000002,1.51977,1.49313,1.5991,1.48856,1.5527600000000001,1.5289300000000001,1.41756,1.44547,1.53261,1.5287000000000002,1.60796,1.5072100000000002,1.5116200000000002,1.51323,1.88565,1.82998,1.44022,1.44022
Carphoborus_bifurcus,1.03734,1.30071,1.07983,1.0770300000000002,1.20377,1.34629,1.5411000000000001,1.40965,1.36863,1.38109,1.43781,1.18544,1.52706,1.59724,1.64081,1.67445,1.54223,1.68402,0.0,1.3483,1.54904,1.54454,1.71177,1.44966,1.41905,1.36711,1.58978,2.00988,2.00988,1.95042,1.93577,1.76537,1.6854,1.6402299999999999,2.1008699999999996,1.5171000000000001,1.40313,1.43158,1.46408,1.60867,1.55042,1.8093899999999998,1.7925,1.56284,1.59412,2.26009,1.6476199999999999,1.71776,1.34822,1.5955300000000001,1.5955300000000001,1.28888,1.17004,1.17004,1.12358,1.16466,1.22918,1.28653,1.3798599999999999,1.20114,1.26146,1.3391899999999999,1.22291,1.33902,1.2195,1.32181,1.48776,1.35157,1.3268,1.28535,1.31664,1.37621,1.38706,1.44076,1.32392,1.35884,1.4697200000000001,1.43793,1.52127,1.3896899999999999,1.7986199999999999,1.31161,1.2399900000000001,1.2956699999999999,1.36618,1.27684,1.31516,1.37711,1.3486500000000001,1.3731200000000001,1.37766,1.3461699999999999,8.60843,8.60843,8.60843,1.3647200000000002,1.4304700000000001,1.44001,1.35368,1.24296,1.29566,1.4562,1.31147,1.3336999999999999,1.29501,1.26837,1.3743400000000001,1.2638,1.328,1.30417,1.1928,1.22071,1.30785,1.3039399999999999,1.3832,1.28245,1.2868600000000001,1.28847,1.66089,1.60522,1.21546,1.21546
Crypturgus_hispidulus,0.92638,1.18975,0.9688700000000001,0.9660700000000001,1.09281,1.23533,1.4301400000000002,1.2986900000000001,1.25767,1.27013,1.32685,1.07448,1.4161000000000001,1.48628,1.5298500000000002,1.56349,1.43127,1.5730600000000001,1.3483,0.0,1.43808,1.43358,1.60081,1.3387,1.30809,1.25615,1.47882,1.89892,1.89892,1.83946,1.82481,1.6544100000000002,1.57444,1.52927,1.9899099999999998,1.4061400000000002,1.29217,1.3206200000000001,1.35312,1.49771,1.43946,1.6984299999999999,1.68154,1.45188,1.48316,2.14913,1.53666,1.6068,1.23726,1.4845700000000002,1.4845700000000002,1.17792,1.05908,1.05908,1.01262,1.0537,1.11822,1.17557,1.2689,1.0901800000000001,1.1505,1.22823,1.11195,1.2280600000000002,1.10854,1.21085,1.3768,1.24061,1.21584,1.17439,1.20568,1.26525,1.2761,1.3298,1.21296,1.24788,1.3587600000000002,1.32697,1.41031,1.27873,1.68766,1.20065,1.1290300000000002,1.18471,1.25522,1.16588,1.2042000000000002,1.26615,1.2376900000000002,1.2621600000000002,1.2667000000000002,1.23521,8.49747,8.49747,8.49747,1.2537600000000002,1.3195100000000002,1.32905,1.24272,1.1320000000000001,1.1847,1.34524,1.20051,1.22274,1.18405,1.15741,1.2633800000000002,1.15284,1.2170400000000001,1.19321,1.0818400000000001,1.10975,1.19689,1.19298,1.27224,1.1714900000000001,1.1759000000000002,1.17751,1.54993,1.4942600000000001,1.1045,1.1045
Monarthrum_fasciatum,1.12712,1.39049,1.16961,1.16681,1.29355,1.43607,1.6308799999999999,1.4994299999999998,1.45841,1.4708700000000001,1.52759,1.27522,1.6168399999999998,1.68702,1.7305899999999999,1.76423,1.63201,1.7738,1.54904,1.43808,0.0,0.53408,0.92093,1.53944,1.5088300000000001,1.45689,1.67956,2.09966,2.09966,2.0402,2.02555,1.85515,1.77518,1.73001,2.1906499999999998,1.6068799999999999,1.49291,1.52136,1.55386,1.69845,1.6402,1.8991699999999998,1.88228,1.65262,1.6839,2.34987,1.7374,1.80754,1.438,1.6853099999999999,1.6853099999999999,1.37866,1.25982,1.25982,1.21336,1.25444,1.3189600000000001,1.37631,1.46964,1.2909199999999998,1.35124,1.42897,1.31269,1.4287999999999998,1.30928,1.41159,1.57754,1.44135,1.41658,1.37513,1.40642,1.46599,1.47684,1.5305399999999998,1.4137,1.44862,1.5594999999999999,1.52771,1.6110499999999999,1.47947,1.8883999999999999,1.40139,1.32977,1.38545,1.45596,1.36662,1.40494,1.46689,1.4384299999999999,1.4628999999999999,1.4674399999999999,1.43595,8.69821,8.69821,8.69821,1.4545,1.5202499999999999,1.52979,1.44346,1.3327399999999998,1.38544,1.54598,1.40125,1.42348,1.38479,1.35815,1.4641199999999999,1.35358,1.41778,1.39395,1.2825799999999998,1.31049,1.39763,1.39372,1.47298,1.37223,1.37664,1.37825,1.75067,1.6949999999999998,1.30524,1.30524
Monarthrum_mali,1.12262,1.38599,1.16511,1.1623100000000002,1.28905,1.43157,1.6263800000000002,1.49493,1.45391,1.46637,1.52309,1.27072,1.61234,1.68252,1.7260900000000001,1.75973,1.62751,1.7693,1.54454,1.43358,0.53408,0.0,0.9164300000000001,1.53494,1.50433,1.45239,1.67506,2.09516,2.09516,2.0357000000000003,2.02105,1.8506500000000001,1.77068,1.7255099999999999,2.1861499999999996,1.6023800000000001,1.48841,1.51686,1.54936,1.69395,1.6357,1.8946699999999999,1.87778,1.64812,1.6794,2.34537,1.7328999999999999,1.80304,1.4335,1.6808100000000001,1.6808100000000001,1.37416,1.25532,1.25532,1.20886,1.24994,1.31446,1.37181,1.4651399999999999,1.2864200000000001,1.34674,1.42447,1.30819,1.4243000000000001,1.30478,1.40709,1.57304,1.43685,1.41208,1.37063,1.40192,1.46149,1.47234,1.52604,1.4092,1.44412,1.5550000000000002,1.52321,1.60655,1.47497,1.8839,1.39689,1.3252700000000002,1.38095,1.45146,1.36212,1.4004400000000001,1.46239,1.4339300000000001,1.4584000000000001,1.4629400000000001,1.43145,8.69371,8.69371,8.69371,1.4500000000000002,1.5157500000000002,1.52529,1.43896,1.32824,1.38094,1.54148,1.39675,1.41898,1.38029,1.35365,1.4596200000000001,1.34908,1.41328,1.38945,1.27808,1.30599,1.39313,1.38922,1.46848,1.3677300000000001,1.3721400000000001,1.37375,1.74617,1.6905000000000001,1.30074,1.30074
Gnathotrichus_materiarius,1.28985,1.55322,1.33234,1.3295400000000002,1.45628,1.5988,1.7936100000000001,1.66216,1.62114,1.6336,1.69032,1.43795,1.77957,1.84975,1.8933200000000001,1.92696,1.79474,1.93653,1.71177,1.60081,0.92093,0.9164300000000001,0.0,1.70217,1.67156,1.61962,1.84229,2.26239,2.26239,2.2029300000000003,2.18828,2.01788,1.93791,1.8927399999999999,2.3533799999999996,1.7696100000000001,1.65564,1.68409,1.71659,1.86118,1.80293,2.0618999999999996,2.04501,1.81535,1.84663,2.5126,1.9001299999999999,1.97027,1.60073,1.8480400000000001,1.8480400000000001,1.54139,1.42255,1.42255,1.37609,1.41717,1.48169,1.53904,1.6323699999999999,1.45365,1.51397,1.5917,1.47542,1.5915300000000001,1.47201,1.57432,1.74027,1.60408,1.57931,1.53786,1.56915,1.62872,1.63957,1.69327,1.57643,1.61135,1.7222300000000001,1.69044,1.77378,1.6421999999999999,2.0511299999999997,1.56412,1.4925000000000002,1.54818,1.61869,1.52935,1.5676700000000001,1.62962,1.6011600000000001,1.6256300000000001,1.6301700000000001,1.5986799999999999,8.86094,8.86094,8.86094,1.6172300000000002,1.6829800000000001,1.69252,1.60619,1.49547,1.54817,1.70871,1.56398,1.58621,1.54752,1.52088,1.6268500000000001,1.51631,1.58051,1.55668,1.44531,1.47322,1.56036,1.55645,1.63571,1.53496,1.5393700000000001,1.54098,1.9134,1.85773,1.46797,1.46797
Pityophthorus_juglandis,1.02774,1.29111,1.07023,1.0674299999999999,1.19417,1.33669,1.5314999999999999,1.4000499999999998,1.35903,1.37149,1.42821,1.17584,1.5174599999999998,1.58764,1.6312099999999998,1.66485,1.53263,1.67442,1.44966,1.3387,1.53944,1.53494,1.70217,0.0,0.62791,1.35751,1.58018,2.00028,2.00028,1.94082,1.92617,1.75577,1.6758,1.63063,2.0912699999999997,1.5074999999999998,1.39353,1.42198,1.45448,1.59907,1.54082,1.7997899999999998,1.7829,1.55324,1.58452,2.25049,1.63802,1.70816,1.33862,1.5859299999999998,1.5859299999999998,1.27928,1.16044,1.16044,1.11398,1.15506,1.21958,1.27693,1.37026,1.1915399999999998,1.25186,1.32959,1.2133099999999999,1.3294199999999998,1.2099,1.3122099999999999,1.47816,1.3419699999999999,1.3172,1.27575,1.30704,1.3666099999999999,1.37746,1.4311599999999998,1.31432,1.34924,1.4601199999999999,1.4283299999999999,1.5116699999999998,1.38009,1.7890199999999998,1.30201,1.2303899999999999,1.28607,1.35658,1.26724,1.30556,1.36751,1.3390499999999999,1.3635199999999998,1.3680599999999998,1.33657,8.59883,8.59883,8.59883,1.3551199999999999,1.4208699999999999,1.43041,1.34408,1.2333599999999998,1.28606,1.4465999999999999,1.30187,1.3241,1.28541,1.25877,1.3647399999999998,1.2542,1.3184,1.29457,1.1831999999999998,1.21111,1.29825,1.29434,1.3736,1.27285,1.27726,1.27887,1.65129,1.59562,1.20586,1.20586
Pityophthorus_pityographus,0.9971300000000001,1.2605000000000002,1.03962,1.03682,1.16356,1.3060800000000001,1.50089,1.36944,1.32842,1.34088,1.3976000000000002,1.14523,1.48685,1.5570300000000001,1.6006,1.6342400000000001,1.50202,1.6438100000000002,1.41905,1.30809,1.5088300000000001,1.50433,1.67156,0.62791,0.0,1.3269000000000002,1.5495700000000001,1.9696699999999998,1.9696699999999998,1.9102100000000002,1.8955600000000001,1.7251600000000002,1.64519,1.60002,2.06066,1.47689,1.36292,1.3913700000000002,1.42387,1.56846,1.51021,1.76918,1.75229,1.52263,1.5539100000000001,2.21988,1.60741,1.67755,1.30801,1.55532,1.55532,1.2486700000000002,1.1298300000000001,1.1298300000000001,1.08337,1.12445,1.18897,1.2463199999999999,1.33965,1.16093,1.22125,1.29898,1.1827,1.29881,1.17929,1.2816,1.4475500000000001,1.31136,1.28659,1.2451400000000001,1.27643,1.3359999999999999,1.3468499999999999,1.40055,1.2837100000000001,1.3186300000000002,1.42951,1.39772,1.4810599999999998,1.34948,1.75841,1.2713999999999999,1.19978,1.25546,1.3259699999999999,1.23663,1.27495,1.3369,1.30844,1.33291,1.33745,1.30596,8.56822,8.56822,8.56822,1.32451,1.39026,1.3998,1.3134700000000001,1.20275,1.2554500000000002,1.4159899999999999,1.27126,1.29349,1.2548,1.22816,1.33413,1.2235900000000002,1.2877900000000002,1.26396,1.15259,1.1804999999999999,1.26764,1.26373,1.34299,1.2422400000000002,1.24665,1.24826,1.6206800000000001,1.56501,1.1752500000000001,1.1752500000000001
Ernoporus_tiliae,0.94519,1.20856,0.9876800000000001,0.9848800000000001,1.11162,1.25414,1.44895,1.3175,1.27648,1.2889400000000002,1.34566,1.09329,1.43491,1.50509,1.54866,1.5823,1.45008,1.5918700000000001,1.36711,1.25615,1.45689,1.45239,1.61962,1.35751,1.3269000000000002,0.0,1.49763,1.91773,1.91773,1.85827,1.84362,1.6732200000000002,1.59325,1.5480800000000001,2.00872,1.42495,1.31098,1.3394300000000001,1.37193,1.51652,1.4582700000000002,1.7172399999999999,1.70035,1.47069,1.50197,2.1679399999999998,1.5554700000000001,1.62561,1.25607,1.50338,1.50338,1.19673,1.07789,1.07789,1.03143,1.07251,1.1370300000000002,1.19438,1.2877100000000001,1.10899,1.16931,1.2470400000000001,1.13076,1.24687,1.12735,1.22966,1.39561,1.25942,1.23465,1.1932,1.22449,1.28406,1.29491,1.3486099999999999,1.23177,1.26669,1.37757,1.34578,1.42912,1.2975400000000001,1.70647,1.21946,1.14784,1.2035200000000001,1.27403,1.18469,1.2230100000000002,1.28496,1.2565,1.28097,1.28551,1.2540200000000001,8.51628,8.51628,8.51628,1.27257,1.33832,1.34786,1.26153,1.1508099999999999,1.20351,1.36405,1.2193200000000002,1.2415500000000002,1.20286,1.17622,1.28219,1.17165,1.2358500000000001,1.21202,1.10065,1.12856,1.2157,1.2117900000000001,1.29105,1.1903000000000001,1.1947100000000002,1.19632,1.56874,1.51307,1.12331,1.12331
Eidophelus_fagi,1.16786,1.43123,1.21035,1.20755,1.33429,1.47681,1.6716199999999999,1.5401699999999998,1.49915,1.5116100000000001,1.56833,1.31596,1.6575799999999998,1.72776,1.7713299999999998,1.80497,1.67275,1.81454,1.58978,1.47882,1.67956,1.67506,1.84229,1.58018,1.5495700000000001,1.49763,0.0,2.1403999999999996,2.1403999999999996,2.08094,2.06629,1.89589,1.81592,1.77075,2.2313899999999998,1.6476199999999999,1.53365,1.5621,1.5946,1.73919,1.68094,1.9399099999999998,1.92302,1.69336,1.72464,2.3906099999999997,1.77814,1.84828,1.47874,1.7260499999999999,1.7260499999999999,1.4194,1.30056,1.30056,1.2541,1.29518,1.3597000000000001,1.41705,1.51038,1.3316599999999998,1.39198,1.46971,1.35343,1.4695399999999998,1.35002,1.45233,1.61828,1.48209,1.45732,1.41587,1.44716,1.50673,1.51758,1.5712799999999998,1.45444,1.48936,1.6002399999999999,1.56845,1.6517899999999999,1.52021,1.9291399999999999,1.44213,1.37051,1.42619,1.4967,1.40736,1.44568,1.50763,1.4791699999999999,1.5036399999999999,1.5081799999999999,1.47669,8.738949999999999,8.738949999999999,8.738949999999999,1.49524,1.5609899999999999,1.57053,1.4842,1.3734799999999998,1.42618,1.58672,1.44199,1.46422,1.42553,1.39889,1.5048599999999999,1.39432,1.45852,1.43469,1.3233199999999998,1.35123,1.43837,1.43446,1.51372,1.41297,1.41738,1.41899,1.79141,1.7357399999999998,1.34598,1.34598
Platypus_cylindrus,1.5879599999999998,1.85133,1.63045,1.62765,1.75439,1.8969099999999999,2.09172,1.96027,1.91925,1.9317099999999998,1.98843,1.73606,2.07768,2.1478599999999997,2.19143,2.2250699999999997,2.09285,2.2346399999999997,2.00988,1.89892,2.09966,2.09516,2.26239,2.00028,1.9696699999999998,1.91773,2.1403999999999996,0.0,0.0,0.87792,0.86327,2.31599,2.23602,2.1908499999999997,2.65149,2.06772,1.9537499999999999,1.9822,2.0147,2.15929,2.10104,2.36001,2.34312,2.11346,2.1447399999999996,2.81071,2.1982399999999997,2.2683799999999996,1.8988399999999999,2.14615,2.14615,1.8395,1.7206599999999999,1.7206599999999999,1.6742,1.71528,1.7797999999999998,1.8371499999999998,1.9304799999999998,1.75176,1.81208,1.8898099999999998,1.7735299999999998,1.88964,1.77012,1.8724299999999998,2.03838,1.9021899999999998,1.8774199999999999,1.8359699999999999,1.86726,1.9268299999999998,1.9376799999999998,1.99138,1.8745399999999999,1.90946,2.02034,1.9885499999999998,2.07189,1.9403099999999998,2.34924,1.8622299999999998,1.79061,1.8462899999999998,1.9167999999999998,1.8274599999999999,1.86578,1.92773,1.89927,1.92374,1.92828,1.8967899999999998,9.15905,9.15905,9.15905,1.91534,1.98109,1.99063,1.9042999999999999,1.79358,1.84628,2.00682,1.8620899999999998,1.8843199999999998,1.8456299999999999,1.8189899999999999,1.92496,1.81442,1.87862,1.85479,1.74342,1.7713299999999998,1.8584699999999998,1.8545599999999998,1.9338199999999999,1.83307,1.83748,1.83909,2.2115099999999996,2.15584,1.7660799999999999,1.7660799999999999
